time_AKDT	DHT11_T	DHT11_T	P36_T	SHT31_T	SHT31_H
20181209_040401	22	14	25.11	22.68	18.61
20181209_040412	22	14	24.54	22.72	18.36
20181209_040422	22	14	25.51	22.68	18.15
20181209_040432	22	14	24.46	22.62	18.11
20181209_040443	22	13	25.11	22.58	18.24
20181209_040453	22	13	25.11	23.56	69.75
20181209_040503	22	59	26.07	24.05	65.81
20181209_040514	23	59	25.83	23.75	26.32
20181209_040524	23	41	25.51	23.42	18.73
20181209_040534	23	29	25.43	23.20	18.10
20181209_040545	23	23	25.11	23.06	18.09
20181209_040555	23	19	25.19	23.09	22.63
20181209_040605	23	18	25.27	23.17	22.08
20181209_040616	23	20	25.11	23.20	23.05
20181209_040626	23	20	25.43	23.27	20.97
20181209_040636	23	20	24.62	23.27	21.03
20181209_040647	23	19	24.62	23.30	19.63
20181209_040657	23	18	25.11	23.31	18.59
20181209_040707	23	17	25.35	23.31	18.94
20181209_040718	23	16	25.75	23.31	18.55
20181209_040728	23	16	25.59	23.35	26.38
20181209_040738	23	19	25.43	23.38	24.44
20181209_040749	23	21	25.27	23.40	24.59
20181209_040759	23	20	25.11	23.42	27.69
20181209_040809	23	19	24.78	23.40	25.06
20181209_040820	23	20	25.11	23.42	27.51
20181209_040830	23	19	25.75	23.44	26.75
20181209_040840	23	19	25.51	23.45	26.46
20181209_040850	23	20	25.51	23.45	27.78
20181209_040901	23	19	25.67	23.44	24.14
20181209_040911	23	17	25.35	23.46	26.90
20181209_040921	23	18	25.59	23.48	26.30
20181209_040932	23	18	25.67	23.48	26.80
20181209_040942	23	17	25.11	23.44	26.53
20181209_040952	23	16	25.67	23.40	25.22
20181209_041003	23	16	25.83	23.38	23.95
20181209_041013	23	16	24.54	23.34	21.17
20181209_041023	23	16	25.27	23.32	21.50
20181209_041034	23	15	25.19	23.35	24.44
20181209_041044	23	15	25.59	23.38	22.39
20181209_041054	23	14	24.70	23.42	23.01
20181209_041105	23	13	25.67	23.32	18.89
20181209_041115	23	13	25.43	23.31	23.04
20181209_041136	23	14	24.70	23.25	23.95
20181209_041146	23	15	25.51	23.23	22.48
20181209_041207	23	15	25.51	23.23	24.25
20181209_041217	23	15	25.75	23.18	21.62
20181209_041227	23	15	25.11	23.18	24.01
20181209_041238	23	15	24.86	23.17	25.42
20181209_041248	23	15	25.51	23.13	22.11
20181209_041258	23	15	25.19	23.15	20.93
20181209_041309	23	17	25.19	23.14	23.32
20181209_041319	23	17	25.75	23.17	20.55
20181209_041329	23	17	24.86	23.18	22.78
20181209_041340	23	17	25.43	23.20	20.59
20181209_041350	23	17	24.86	23.18	24.95
20181209_041400	23	16	25.19	23.15	21.34
20181209_041410	23	18	25.43	23.17	24.76
20181209_041421	23	19	25.99	23.18	25.46
20181209_041431	23	17	25.75	23.20	24.71
20181209_041441	23	18	25.43	23.23	21.72
20181209_041452	23	17	24.30	23.21	21.54
20181209_041502	23	16	25.43	23.23	21.98
20181209_041512	23	14	25.03	23.24	25.27
20181209_041523	23	15	25.51	23.23	25.26
20181209_041533	23	15	25.51	23.23	23.70
20181209_041543	23	16	24.95	23.21	23.69
20181209_041554	23	15	25.75	23.18	24.79
20181209_041604	23	15	25.59	23.18	21.93
20181209_041614	23	15	25.51	23.15	19.41
20181209_041625	23	14	25.11	23.13	21.22
20181209_041635	23	14	25.11	23.09	19.91
20181209_041645	23	14	25.75	23.04	19.63
20181209_041656	23	14	25.35	23.01	21.04
20181209_041706	23	14	25.59	23.00	24.57
20181209_041716	23	14	24.95	22.97	22.21
20181209_041727	23	15	25.59	22.93	22.91
20181209_041737	23	14	25.51	22.90	23.66
20181209_041747	23	14	24.54	22.91	25.57
20181209_041758	23	14	24.70	22.86	26.01
20181209_041808	23	15	24.46	22.87	25.51
20181209_041818	23	14	25.43	22.82	25.14
20181209_041829	23	14	24.86	22.82	25.11
20181209_041839	23	15	24.46	22.79	25.64
20181209_041849	23	14	25.27	22.73	24.76
20181209_041900	23	14	25.19	22.72	25.13
20181209_041920	23	14	24.95	22.63	24.84
20181209_041930	23	13	25.11	22.56	22.95
20181209_041941	23	13	24.06	22.55	22.82
20181209_041951	23	13	24.22	22.48	24.82
20181209_042001	22	13	24.95	22.46	24.70
20181209_042012	22	14	24.86	22.44	25.42
20181209_042022	22	14	24.86	22.41	25.28
20181209_042032	22	14	25.19	22.36	24.53
20181209_042043	22	14	25.19	22.35	22.86
20181209_042053	22	14	24.78	22.35	26.24
20181209_042103	22	14	24.30	22.31	24.15
20181209_042114	22	14	24.06	22.28	24.74
20181209_042124	22	15	24.70	22.27	24.74
20181209_042134	22	14	24.22	22.25	24.44
20181209_042145	22	15	24.86	22.23	24.41
20181209_042155	22	15	24.70	22.23	24.75
20181209_042205	22	15	24.62	22.21	25.15
20181209_042216	22	15	24.14	22.20	24.88
20181209_042226	22	15	24.46	22.18	25.34
20181209_042236	22	15	24.22	22.14	24.88
20181209_042247	22	15	24.38	22.14	23.99
20181209_042257	22	14	24.70	22.10	24.15
20181209_042307	22	15	24.54	22.11	25.99
20181209_042318	22	15	23.90	22.10	26.15
20181209_042328	22	15	23.82	22.06	24.55
20181209_042338	22	14	24.95	22.06	25.85
20181209_042349	22	15	23.82	22.03	25.82
20181209_042359	22	15	23.90	22.03	25.20
20181209_042409	22	15	24.22	21.99	24.72
20181209_042420	22	15	23.66	21.97	25.58
20181209_042430	22	15	23.66	21.95	23.46
20181209_042440	22	15	24.54	21.99	21.23
20181209_042450	22	15	24.38	21.99	20.77
20181209_042501	22	17	23.90	21.96	21.69
20181209_042511	22	17	24.06	22.00	21.93
20181209_042521	22	17	24.46	22.03	22.10
20181209_042532	22	17	24.30	22.06	22.82
20181209_042542	22	16	24.22	22.10	25.13
20181209_042552	22	17	24.46	22.13	22.48
20181209_042603	22	17	24.46	22.13	23.83
20181209_042613	22	17	23.58	22.20	25.46
20181209_042623	22	17	24.46	22.21	21.85
20181209_042634	22	16	24.62	22.27	22.00
20181209_042654	22	17	24.22	22.35	22.84
20181209_042705	22	16	24.22	22.38	25.18
20181209_042715	22	17	23.82	22.39	23.79
20181209_042725	22	16	24.38	22.41	21.09
20181209_042736	22	16	23.25	22.42	21.14
20181209_042746	22	16	24.54	22.45	20.41
20181209_042756	22	16	24.46	22.50	19.64
20181209_042807	22	16	24.62	22.51	19.25
20181209_042817	23	15	24.78	22.54	21.30
20181209_042827	23	15	23.98	22.52	20.61
20181209_042838	23	15	24.95	22.54	24.58
20181209_042848	23	16	25.11	22.55	25.99
20181209_042858	23	16	24.86	22.51	22.17
20181209_042909	23	15	24.70	22.51	23.35
20181209_042919	23	15	24.70	22.50	20.49
20181209_042929	23	15	24.70	22.48	21.13
20181209_042940	23	15	24.70	22.48	19.94
20181209_042950	23	15	24.70	22.48	23.68
20181209_043000	23	16	24.46	22.50	24.40
20181209_043011	23	15	24.86	22.50	25.14
20181209_043021	23	15	24.22	22.50	23.56
20181209_043031	23	15	24.70	22.50	23.08
20181209_043041	22	15	24.54	22.51	21.59
20181209_043052	23	15	24.46	22.46	23.88
20181209_043102	22	15	23.41	22.48	24.36
20181209_043112	22	15	24.70	22.46	24.55
20181209_043123	23	15	24.70	22.48	22.44
20181209_043133	22	15	24.86	22.44	23.01
20181209_043143	22	15	24.70	22.45	21.52
20181209_043154	22	15	24.70	22.42	22.49
20181209_043204	22	15	24.30	22.41	21.99
20181209_043214	22	15	24.30	22.44	21.95
20181209_043225	22	15	24.70	22.42	22.21
20181209_043235	22	15	24.78	22.41	21.85
20181209_043245	22	15	23.90	22.41	21.32
20181209_043256	22	15	24.70	22.39	22.78
20181209_043306	22	16	23.90	22.44	23.29
20181209_043316	22	16	24.70	22.39	21.63
20181209_043327	22	15	24.46	22.39	20.99
20181209_043337	22	16	23.25	22.39	21.42
20181209_043347	22	16	24.54	22.39	21.88
20181209_043358	22	16	24.30	22.39	20.72
20181209_043408	22	16	24.78	22.38	22.45
20181209_043418	22	16	24.46	22.36	22.68
20181209_043439	22	15	23.90	22.38	22.32
20181209_043449	22	15	24.62	22.38	21.52
20181209_043500	22	15	24.14	22.38	22.68
20181209_043510	22	16	24.30	22.36	21.90
20181209_043520	22	15	24.22	22.34	21.40
20181209_043531	22	15	23.90	22.35	23.09
20181209_043541	22	15	24.46	22.34	21.24
20181209_043551	22	15	24.54	22.32	21.74
20181209_043601	22	15	24.30	22.31	21.50
20181209_043612	22	15	24.46	22.34	22.38
20181209_043622	22	15	24.46	22.32	20.99
20181209_043632	22	15	24.30	22.34	22.38
20181209_043643	22	16	23.74	22.29	21.74
20181209_043653	22	16	24.14	22.29	21.66
20181209_043703	22	16	24.30	22.31	21.53
20181209_043714	22	16	23.82	22.29	21.69
20181209_043724	22	16	24.54	22.29	20.78
20181209_043734	22	16	24.54	22.29	21.89
20181209_043745	22	16	24.22	22.31	22.01
20181209_043755	22	16	24.14	22.29	22.33
20181209_043805	22	16	24.46	22.31	22.28
20181209_043816	22	16	24.14	22.31	24.36
20181209_043826	22	16	23.49	22.28	20.94
20181209_043836	22	15	24.06	22.27	22.76
20181209_043847	22	15	24.54	22.28	22.04
20181209_043857	22	16	24.54	22.28	21.89
20181209_043907	22	16	24.54	22.28	23.43
20181209_043918	22	16	24.54	22.29	21.27
20181209_043928	22	16	24.22	22.27	21.64
20181209_043938	22	16	24.54	22.27	21.77
20181209_043949	22	16	24.86	22.28	21.25
20181209_043959	22	16	24.46	22.25	23.16
20181209_044009	22	16	24.46	22.27	21.02
20181209_044020	22	16	24.22	22.25	22.16
20181209_044030	22	15	23.82	22.25	20.69
20181209_044040	22	15	24.54	22.21	20.53
20181209_044051	22	15	24.22	22.23	20.10
20181209_044101	22	16	24.30	22.27	21.56
20181209_044111	22	17	24.38	22.28	24.27
20181209_044121	22	17	24.22	22.29	24.17
20181209_044132	22	17	24.54	22.31	25.37
20181209_044142	22	16	24.46	22.34	23.67
20181209_044152	22	16	24.14	22.39	22.71
20181209_044213	22	16	24.46	22.41	19.86
20181209_044223	22	16	24.38	22.42	19.96
20181209_044234	22	16	23.74	22.45	22.00
20181209_044244	22	15	24.46	22.44	23.16
20181209_044254	22	15	24.06	22.46	24.56
20181209_044305	22	15	24.22	22.46	19.61
20181209_044315	22	15	24.54	22.46	22.33
20181209_044325	22	15	24.30	22.45	21.72
20181209_044336	23	15	24.14	22.48	24.23
20181209_044346	22	16	24.86	22.50	20.79
20181209_044356	23	15	24.70	22.50	20.76
20181209_044407	23	15	24.30	22.48	20.12
20181209_044417	23	16	24.86	22.46	22.03
20181209_044427	23	15	24.62	22.45	22.59
20181209_044438	23	14	24.62	22.41	23.87
20181209_044448	23	15	24.86	22.39	24.61
20181209_044458	23	15	24.22	22.36	24.78
20181209_044509	22	15	23.58	22.34	25.32
20181209_044519	23	15	24.46	22.35	24.95
20181209_044529	22	14	24.46	22.28	25.10
20181209_044540	22	14	23.66	22.28	25.55
20181209_044550	22	14	25.11	22.27	24.42
20181209_044600	22	14	24.38	22.21	25.08
20181209_044611	22	15	23.82	22.24	23.08
20181209_044621	22	15	24.38	22.15	23.68
20181209_044631	22	15	24.46	22.15	24.14
20181209_044641	22	14	24.22	22.08	24.31
20181209_044652	22	14	24.22	22.08	22.84
20181209_044702	22	14	24.14	22.06	23.76
20181209_044712	22	14	23.90	22.03	23.96
20181209_044723	22	14	23.90	21.99	21.62
20181209_044733	22	15	24.22	21.95	24.73
20181209_044743	22	14	23.58	21.95	23.27
20181209_044754	22	14	23.41	21.89	23.49
20181209_044804	22	15	24.38	21.90	24.24
20181209_044825	22	15	24.14	21.84	24.58
20181209_044835	22	15	23.58	21.81	23.94
20181209_044845	22	15	23.98	21.80	24.68
20181209_044856	22	15	23.82	21.77	24.01
20181209_044906	22	15	23.90	21.74	23.27
20181209_044916	22	15	23.09	21.69	24.11
20181209_044927	22	15	24.70	21.63	23.41
20181209_044937	22	15	23.66	21.66	24.43
20181209_044958	21	15	24.06	21.62	24.50
20181209_045008	21	14	23.98	21.59	23.83
20181209_045018	21	14	23.09	21.59	24.29
20181209_045029	21	14	23.41	21.53	22.26
20181209_045039	21	14	23.01	21.52	24.10
20181209_045049	21	14	23.25	21.51	24.29
20181209_045100	21	14	23.90	21.51	24.98
20181209_045110	21	14	23.66	21.49	24.30
20181209_045120	21	14	23.74	21.48	24.33
20181209_045131	21	15	22.77	21.46	24.30
20181209_045141	21	15	23.01	21.42	24.16
20181209_045151	21	15	23.17	21.42	24.52
20181209_045201	21	15	23.58	21.42	24.15
20181209_045212	21	15	23.49	21.41	21.32
20181209_045222	21	15	23.90	21.37	22.45
20181209_045232	21	15	23.01	21.34	21.21
20181209_045243	21	15	22.85	21.37	23.25
20181209_045253	21	15	23.17	21.37	22.66
20181209_045303	21	16	23.66	21.37	20.27
20181209_045314	21	16	22.93	21.35	22.06
20181209_045324	21	16	22.77	21.41	22.91
20181209_045334	21	16	25.11	21.42	22.19
20181209_045345	21	15	23.09	21.44	20.82
20181209_045355	21	15	22.61	21.49	23.28
20181209_045405	21	15	23.41	21.52	23.95
20181209_045416	21	16	24.62	21.55	22.48
20181209_045426	21	15	23.01	21.58	24.23
20181209_045436	21	15	23.82	21.59	22.56
20181209_045447	21	15	23.58	21.63	22.94
20181209_045457	21	15	23.82	21.68	20.98
20181209_045507	22	16	23.82	21.70	20.72
20181209_045518	22	16	23.82	21.72	20.17
20181209_045528	22	16	23.58	21.74	19.73
20181209_045538	22	16	23.41	21.76	19.84
20181209_045549	22	15	23.17	21.80	19.68
20181209_045559	22	15	23.90	21.83	19.63
20181209_045609	22	15	23.41	21.84	19.68
20181209_045620	22	15	23.25	21.87	19.60
20181209_045630	22	14	23.82	21.90	22.14
20181209_045640	22	15	23.17	21.90	20.83
20181209_045651	22	15	23.41	21.92	20.05
20181209_045701	22	15	23.25	21.90	23.68
20181209_045711	22	15	23.90	21.93	21.73
20181209_045732	22	15	23.90	21.92	20.78
20181209_045742	22	15	23.09	21.89	21.34
20181209_045752	22	15	23.33	21.92	20.39
20181209_045803	22	15	23.09	21.90	21.73
20181209_045813	22	15	23.58	21.90	21.78
20181209_045823	22	16	23.41	21.92	23.27
20181209_045834	22	15	23.90	21.92	23.31
20181209_045844	22	15	24.22	21.92	23.89
20181209_045854	22	15	23.66	21.92	23.70
20181209_045905	22	15	23.90	21.89	20.99
20181209_045915	22	15	23.41	21.89	21.52
20181209_045925	22	15	23.82	21.90	23.92
20181209_045936	22	16	23.66	21.89	21.47
20181209_045946	22	15	23.90	21.89	20.39
20181209_045956	22	15	23.74	21.89	21.22
20181209_050007	22	16	23.82	21.86	20.42
20181209_050017	22	16	23.58	21.86	20.86
20181209_050027	22	16	23.90	21.86	22.14
20181209_050038	22	16	23.82	21.84	21.70
20181209_050048	22	16	23.09	21.84	21.91
20181209_050058	22	16	23.82	21.89	20.78
20181209_050109	22	16	23.25	21.87	21.16
20181209_050119	22	16	23.25	21.87	22.79
20181209_050129	22	16	23.90	21.84	21.06
20181209_050140	22	15	23.41	21.86	22.15
20181209_050150	22	16	23.58	21.84	22.20
20181209_050200	22	16	23.82	21.84	21.61
20181209_050211	22	16	23.49	21.84	20.61
20181209_050221	22	16	23.58	21.84	21.56
20181209_050231	22	15	23.41	21.86	21.27
20181209_050242	22	16	23.82	21.83	21.97
20181209_050252	22	16	23.25	21.86	21.30
20181209_050302	22	16	23.17	21.87	21.40
20181209_050312	22	16	23.90	21.86	20.76
20181209_050323	22	16	23.90	21.89	22.70
20181209_050333	22	16	23.90	21.86	21.17
20181209_050343	22	16	23.98	21.84	21.19
20181209_050354	22	16	23.66	21.87	20.81
20181209_050404	22	16	23.82	21.87	21.25
20181209_050414	22	16	23.41	21.84	20.75
20181209_050425	22	16	23.25	21.84	21.91
20181209_050435	22	16	23.58	21.86	20.83
20181209_050445	22	16	23.25	21.86	21.24
20181209_050456	22	16	23.58	21.86	20.99
20181209_050516	22	16	23.90	21.86	21.79
20181209_050527	22	16	23.17	21.86	21.24
20181209_050537	22	16	23.58	21.84	21.99
20181209_050547	22	16	23.98	21.87	20.83
20181209_050558	22	16	23.82	21.89	21.34
20181209_050608	22	16	23.90	21.87	20.85
20181209_050618	22	16	23.49	21.86	21.64
20181209_050629	22	16	23.49	21.86	22.14
20181209_050639	22	16	23.25	21.87	20.94
20181209_050649	22	16	23.17	21.84	20.88
20181209_050700	22	16	23.41	21.87	21.16
20181209_050710	22	16	23.49	21.84	21.09
20181209_050720	22	16	23.82	21.84	21.16
20181209_050731	22	16	24.14	21.83	22.17
20181209_050741	22	16	23.33	21.83	20.63
20181209_050751	22	16	23.49	21.86	21.66
20181209_050801	22	17	23.82	21.89	20.38
20181209_050812	22	16	23.82	21.92	22.40
20181209_050822	22	17	23.58	21.96	20.66
20181209_050832	22	16	23.58	21.97	20.94
20181209_050843	22	16	23.58	21.99	20.20
20181209_050853	22	16	23.82	21.99	19.94
20181209_050903	22	15	23.33	22.01	19.53
20181209_050914	22	15	24.22	22.01	21.17
20181209_050924	22	15	23.82	22.01	19.47
20181209_050934	22	14	23.17	22.04	19.44
20181209_050945	22	14	23.25	22.04	21.77
20181209_050955	22	15	22.45	22.10	20.06
20181209_051005	22	15	23.90	22.08	21.09
20181209_051016	22	15	23.82	22.08	20.61
20181209_051026	22	15	24.22	22.08	21.43
20181209_051036	22	15	23.98	22.10	20.04
20181209_051047	22	15	23.82	22.08	20.52
20181209_051057	22	15	23.41	22.08	21.19
20181209_051107	22	15	23.90	22.13	19.96
20181209_051118	22	15	23.58	22.08	21.70
20181209_051128	22	14	23.49	22.08	21.91
20181209_051138	22	14	23.90	22.06	21.30
20181209_051149	22	14	23.82	22.03	21.69
20181209_051159	22	14	23.82	22.01	22.60
20181209_051209	22	14	23.82	21.99	21.08
20181209_051220	22	15	23.90	22.00	22.31
20181209_051230	22	14	23.90	21.97	22.73
20181209_051251	22	14	23.82	21.93	22.44
20181209_051301	22	14	23.82	21.92	21.46
20181209_051311	22	14	23.41	21.87	22.37
20181209_051321	22	14	22.85	21.86	22.30
20181209_051332	22	14	23.17	21.81	21.87
20181209_051342	22	14	23.66	21.79	21.69
20181209_051352	22	14	23.90	21.76	21.49
20181209_051403	22	14	23.25	21.74	21.20
20181209_051413	22	14	23.66	21.73	21.51
20181209_051423	22	14	22.93	21.68	21.94
20181209_051434	22	14	23.01	21.68	22.62
20181209_051444	22	14	23.74	21.65	21.05
20181209_051454	22	14	23.58	21.65	22.29
20181209_051505	22	15	23.01	21.61	22.10
20181209_051515	22	15	23.82	21.58	21.76
20181209_051525	22	15	25.51	21.59	22.56
20181209_051536	21	13	23.82	21.53	21.74
20181209_051546	21	14	23.25	21.51	21.35
20181209_051556	21	14	23.41	21.49	22.15
20181209_051607	21	14	23.41	21.51	22.59
20181209_051617	21	14	23.41	21.46	21.93
20181209_051627	21	14	23.41	21.46	21.98
20181209_051638	21	14	23.41	21.44	21.90
20181209_051648	21	14	23.33	21.41	21.76
20181209_051658	21	14	23.41	21.38	22.22
20181209_051709	21	14	23.66	21.37	22.53
20181209_051719	21	14	23.25	21.35	22.76
20181209_051729	21	14	22.93	21.33	21.25
20181209_051740	21	14	23.58	21.30	21.43
20181209_051750	21	14	24.62	21.31	22.49
20181209_051800	21	14	25.11	21.27	22.70
20181209_051811	21	14	23.17	21.27	22.33
20181209_051821	21	14	23.17	21.24	22.06
20181209_051831	21	14	22.69	21.21	21.08
20181209_051842	21	14	23.33	21.19	21.93
20181209_051852	21	14	22.93	21.21	22.03
20181209_051902	21	14	22.61	21.19	22.42
20181209_051912	21	14	21.72	21.17	22.24
20181209_051923	21	14	23.41	21.15	21.21
20181209_051933	21	14	22.53	21.11	21.91
20181209_051943	21	14	22.61	21.13	21.14
20181209_051954	21	14	23.41	21.17	20.82
20181209_052004	21	15	22.93	21.17	20.92
20181209_052014	21	15	23.17	21.15	20.31
20181209_052035	21	15	22.53	21.24	20.71
20181209_052045	21	15	23.17	21.24	20.12
20181209_052056	21	15	21.88	21.27	21.75
20181209_052106	21	15	22.69	21.27	19.83
20181209_052116	21	15	24.14	21.31	19.65
20181209_052127	21	15	22.53	21.37	20.68
20181209_052137	21	15	23.41	21.40	21.34
20181209_052147	21	15	23.17	21.40	20.16
20181209_052208	21	14	23.25	21.48	20.33
20181209_052218	21	14	23.41	21.51	19.76
20181209_052229	21	14	23.33	21.52	19.57
20181209_052239	21	14	22.61	21.55	19.83
20181209_052249	21	14	22.61	21.58	19.57
20181209_052300	21	14	23.17	21.59	19.58
20181209_052310	22	15	23.01	21.63	19.57
20181209_052320	22	14	23.25	21.65	19.57
20181209_052331	22	14	23.49	21.68	20.00
20181209_052341	22	14	23.09	21.66	19.87
20181209_052351	22	15	23.25	21.69	21.34
20181209_052402	22	15	22.77	21.70	20.36
20181209_052412	22	15	23.66	21.69	21.62
20181209_052422	22	15	23.17	21.69	20.44
20181209_052432	22	15	22.69	21.66	20.29
20181209_052443	22	15	22.61	21.68	21.21
20181209_052453	22	15	22.93	21.68	21.59
20181209_052503	22	15	22.61	21.69	20.98
20181209_052514	22	15	23.82	21.69	21.59
20181209_052524	22	15	23.41	21.69	21.24
20181209_052534	22	15	22.77	21.66	21.21
20181209_052545	22	15	23.41	21.69	21.39
20181209_052555	22	15	23.82	21.68	21.44
20181209_052605	22	15	22.93	21.68	21.36
20181209_052616	22	15	23.74	21.65	20.68
20181209_052626	22	15	22.69	21.68	20.65
20181209_052636	22	15	23.58	21.66	20.65
20181209_052647	22	15	23.74	21.66	21.21
20181209_052657	22	15	22.77	21.66	20.88
20181209_052707	22	15	23.49	21.66	21.23
20181209_052718	22	16	23.25	21.69	20.77
20181209_052728	22	16	23.49	21.66	20.57
20181209_052738	22	16	23.17	21.66	21.24
20181209_052749	22	16	23.41	21.66	21.09
20181209_052809	22	16	23.33	21.65	21.14
20181209_052820	22	16	23.41	21.66	21.71
20181209_052830	22	16	23.33	21.65	21.17
20181209_052840	22	16	23.66	21.65	20.95
20181209_052851	22	16	23.17	21.65	20.67
20181209_052901	22	16	23.90	21.63	20.91
20181209_052911	22	16	23.25	21.63	20.81
20181209_052922	22	16	23.17	21.66	21.52
20181209_052932	22	16	23.01	21.65	20.98
20181209_052942	22	16	22.61	21.65	20.52
20181209_052952	22	16	23.41	21.65	20.80
20181209_053003	22	16	23.17	21.63	21.34
20181209_053013	22	16	23.41	21.65	21.24
20181209_053023	22	16	23.25	21.63	20.73
20181209_053034	22	16	23.58	21.66	20.73
20181209_053044	22	16	23.82	21.63	21.38
20181209_053054	22	16	23.17	21.63	20.42
20181209_053105	22	15	24.62	21.63	21.09
20181209_053115	22	16	22.77	21.66	21.34
20181209_053125	22	16	23.33	21.66	20.95
20181209_053136	22	16	23.25	21.65	21.09
20181209_053146	22	16	22.53	21.63	20.55
20181209_053156	22	16	23.58	21.65	21.03
20181209_053207	22	16	23.82	21.66	21.01
20181209_053217	22	16	23.33	21.62	20.55
20181209_053227	22	16	22.61	21.63	20.72
20181209_053238	22	16	22.85	21.65	20.88
20181209_053248	21	15	23.41	21.63	20.51
20181209_053258	22	16	22.77	21.63	20.45
20181209_053309	22	16	23.25	21.63	21.34
20181209_053319	22	16	23.17	21.63	21.11
20181209_053329	22	16	23.49	21.63	21.96
20181209_053340	22	16	23.58	21.66	20.95
20181209_053350	22	16	23.41	21.65	21.09
20181209_053400	22	16	22.61	21.65	21.60
20181209_053411	22	16	23.58	21.62	20.94
20181209_053421	22	16	22.69	21.63	21.09
20181209_053431	22	16	23.41	21.63	20.49
20181209_053441	22	16	23.82	21.62	20.94
20181209_053452	22	16	23.25	21.65	20.83
20181209_053502	22	16	22.61	21.62	20.59
20181209_053512	22	16	23.25	21.63	20.70
20181209_053523	22	16	23.41	21.63	21.09
20181209_053533	22	16	23.17	21.63	21.66
20181209_053554	22	16	22.53	21.63	20.57
20181209_053604	21	15	23.33	21.63	20.96
20181209_053614	22	16	23.49	21.63	21.11
20181209_053625	22	16	23.58	21.63	21.03
20181209_053635	22	16	23.49	21.63	20.76
20181209_053645	22	16	23.58	21.63	21.27
20181209_053656	22	16	23.25	21.63	21.84
20181209_053706	22	16	23.25	21.63	21.06
20181209_053716	22	16	23.58	21.63	20.85
20181209_053727	22	16	23.09	21.65	21.21
20181209_053737	22	16	23.49	21.63	21.01
20181209_053747	22	16	23.25	21.61	20.57
20181209_053758	22	16	23.41	21.63	20.26
20181209_053808	21	15	23.09	21.66	20.47
20181209_053818	22	16	23.25	21.72	20.87
20181209_053829	22	16	23.41	21.73	20.04
20181209_053839	22	15	22.85	21.76	19.97
20181209_053849	22	15	23.33	21.74	19.57
20181209_053900	22	15	23.41	21.77	19.58
20181209_053910	22	15	23.58	21.79	19.71
20181209_053920	22	14	23.17	21.81	19.70
20181209_053931	22	14	23.41	21.80	19.80
20181209_053941	22	14	24.95	21.84	19.59
20181209_053951	22	14	23.17	21.86	19.75
20181209_054001	22	14	23.17	21.86	19.95
20181209_054012	22	14	23.49	21.86	20.29
20181209_054022	22	14	22.93	21.89	21.08
20181209_054032	22	14	23.49	21.87	20.91
20181209_054043	22	14	22.93	21.89	20.00
20181209_054053	22	15	23.58	21.89	19.44
20181209_054103	22	14	22.85	21.90	19.48
20181209_054114	22	14	22.93	21.92	19.85
20181209_054124	22	14	22.93	21.87	20.13
20181209_054134	22	14	23.41	21.86	21.01
20181209_054145	22	14	23.17	21.86	20.47
20181209_054155	22	14	23.66	21.84	21.09
20181209_054205	22	14	23.58	21.83	20.99
20181209_054216	22	14	23.41	21.79	21.12
20181209_054226	22	14	23.17	21.77	21.63
20181209_054236	22	14	23.41	21.76	21.26
20181209_054247	22	14	23.17	21.73	21.64
20181209_054257	22	14	22.61	21.72	21.75
20181209_054307	22	14	22.93	21.69	20.67
20181209_054328	22	14	21.88	21.65	21.14
20181209_054338	22	14	23.41	21.65	21.40
20181209_054349	22	14	22.69	21.62	20.85
20181209_054359	22	15	23.82	21.61	21.22
20181209_054409	22	15	23.82	21.58	21.15
20181209_054420	22	14	24.78	21.56	21.66
20181209_054430	22	14	23.25	21.52	21.49
20181209_054440	22	14	23.49	21.51	21.36
20181209_054451	22	14	22.85	21.49	21.33
20181209_054501	21	13	23.09	21.45	21.55
20181209_054511	21	13	22.61	21.45	21.42
20181209_054521	21	13	24.22	21.40	21.26
20181209_054532	21	13	23.17	21.40	21.36
20181209_054542	21	13	22.77	21.35	21.63
20181209_054552	21	14	23.33	21.37	21.60
20181209_054603	21	14	23.25	21.33	21.14
20181209_054613	21	14	22.77	21.30	21.53
20181209_054623	21	14	22.93	21.30	21.58
20181209_054634	21	14	23.49	21.30	21.38
20181209_054644	21	14	22.29	21.27	21.35
20181209_054654	21	14	23.58	21.25	21.20
20181209_054705	21	14	22.93	21.21	20.43
20181209_054715	21	14	23.01	21.18	20.96
20181209_054725	21	14	23.33	21.17	21.60
20181209_054736	21	14	23.17	21.14	20.95
20181209_054746	21	14	22.85	21.14	21.37
20181209_054756	21	14	23.01	21.13	21.01
20181209_054807	21	14	23.17	21.11	20.98
20181209_054817	21	14	23.17	21.10	21.04
20181209_054827	21	14	23.17	21.07	21.07
20181209_054838	21	14	22.85	21.04	21.15
20181209_054848	21	14	22.61	21.03	21.21
20181209_054858	21	14	23.82	21.01	21.07
20181209_054909	21	14	23.17	20.99	21.15
20181209_054919	21	14	22.93	20.96	20.85
20181209_054929	21	15	22.77	20.94	21.26
20181209_054940	21	14	23.17	20.94	21.36
20181209_054950	21	14	22.61	20.97	20.49
20181209_055000	21	15	22.93	20.97	20.57
20181209_055011	21	15	22.21	20.96	20.38
20181209_055021	21	15	22.29	21.00	20.95
20181209_055031	21	15	22.77	21.03	21.30
20181209_055041	21	15	23.01	21.06	20.21
20181209_055052	21	15	23.09	21.10	20.05
20181209_055112	21	15	21.96	21.13	19.85
20181209_055123	21	15	22.53	21.17	20.48
20181209_055133	21	14	22.85	21.18	20.29
20181209_055143	21	14	22.85	21.24	20.76
20181209_055154	21	14	22.61	21.22	19.86
20181209_055204	21	14	22.53	21.28	19.70
20181209_055214	21	14	24.86	21.28	19.70
20181209_055235	21	14	23.17	21.37	19.64
20181209_055245	21	14	21.72	21.37	19.67
20181209_055256	21	14	22.85	21.40	19.75
20181209_055306	21	14	23.17	21.42	19.64
20181209_055316	21	14	23.01	21.45	19.72
20181209_055327	21	13	22.69	21.46	19.69
20181209_055337	21	13	22.29	21.45	19.71
20181209_055347	21	13	23.25	21.46	19.56
20181209_055358	21	13	22.93	21.48	19.86
20181209_055408	22	15	24.46	21.48	20.79
20181209_055418	21	14	23.58	21.49	20.05
20181209_055429	22	15	23.98	21.45	21.16
20181209_055439	22	15	23.25	21.46	20.51
20181209_055449	22	15	24.22	21.48	20.71
20181209_055500	22	15	22.29	21.49	20.43
20181209_055510	22	15	23.49	21.49	20.72
20181209_055520	22	15	22.93	21.51	21.12
20181209_055531	22	15	24.95	21.49	20.48
20181209_055541	22	15	22.12	21.49	20.85
20181209_055551	22	15	22.93	21.49	20.64
20181209_055602	22	15	23.17	21.48	20.56
20181209_055612	22	15	23.25	21.49	21.20
20181209_055622	22	15	21.88	21.45	20.80
20181209_055632	21	14	23.25	21.48	21.06
20181209_055643	22	15	24.38	21.48	20.51
20181209_055653	21	14	23.41	21.46	20.74
20181209_055703	21	14	23.09	21.46	21.05
20181209_055714	22	15	23.17	21.46	20.30
20181209_055724	21	14	23.25	21.48	21.15
20181209_055734	21	14	22.85	21.48	20.81
20181209_055745	21	14	23.01	21.46	20.69
20181209_055755	21	14	22.61	21.44	20.61
20181209_055805	21	14	23.01	21.45	20.48
20181209_055816	21	14	22.53	21.45	20.90
20181209_055826	21	15	22.69	21.42	20.47
20181209_055847	21	15	23.33	21.44	20.75
20181209_055857	21	14	23.17	21.46	20.89
20181209_055907	21	15	23.17	21.45	21.16
20181209_055918	21	15	23.01	21.46	20.87
20181209_055928	21	15	23.41	21.46	21.02
20181209_055938	21	15	23.17	21.46	20.89
20181209_055949	21	15	23.17	21.46	20.49
20181209_055959	21	15	23.17	21.45	20.28
20181209_060009	21	15	22.61	21.44	21.00
20181209_060020	21	15	22.93	21.46	21.03
20181209_060030	21	15	23.17	21.46	21.18
20181209_060040	21	14	22.37	21.45	20.56
20181209_060051	21	15	23.17	21.46	21.06
20181209_060101	21	15	22.61	21.46	20.54
20181209_060111	21	15	22.69	21.46	20.75
20181209_060122	21	14	23.33	21.48	21.00
20181209_060132	21	15	22.53	21.45	20.82
20181209_060142	21	15	22.61	21.46	21.16
20181209_060152	21	15	23.25	21.48	21.31
20181209_060203	21	15	22.85	21.45	20.75
20181209_060213	21	15	23.25	21.48	21.39
20181209_060223	21	15	23.17	21.46	20.62
20181209_060234	21	15	22.69	21.46	20.67
20181209_060244	21	15	22.37	21.44	20.70
20181209_060254	21	15	23.17	21.46	20.64
20181209_060305	21	14	23.09	21.45	20.67
20181209_060315	21	15	23.41	21.46	21.08
20181209_060325	21	15	23.25	21.45	20.56
20181209_060336	21	15	22.53	21.48	20.64
20181209_060346	21	15	22.53	21.51	20.53
20181209_060356	21	15	23.41	21.53	21.33
20181209_060407	21	15	23.17	21.55	20.29
20181209_060417	22	15	22.12	21.55	20.32
20181209_060427	21	14	23.25	21.58	20.32
20181209_060438	21	14	23.17	21.59	19.80
20181209_060448	21	14	23.41	21.59	19.85
20181209_060458	22	15	23.58	21.61	19.73
20181209_060509	22	15	22.61	21.62	19.78
20181209_060519	22	15	23.49	21.65	19.67
20181209_060529	22	14	22.85	21.66	19.74
20181209_060540	22	14	23.01	21.66	19.87
20181209_060550	22	14	22.93	21.66	19.56
20181209_060600	22	14	25.03	21.68	20.23
20181209_060611	22	14	23.49	21.70	19.69
20181209_060631	22	14	22.61	21.72	20.10
20181209_060642	22	14	23.25	21.73	20.30
20181209_060652	22	14	22.37	21.72	20.74
20181209_060702	22	14	22.85	21.72	19.95
20181209_060712	22	14	23.01	21.66	19.82
20181209_060723	22	14	23.25	21.68	20.60
20181209_060733	22	14	22.69	21.68	20.49
20181209_060743	22	14	23.58	21.61	20.72
20181209_060754	22	14	22.69	21.62	20.98
20181209_060804	22	14	22.45	21.58	20.73
20181209_060814	22	14	23.25	21.58	20.96
20181209_060825	22	14	22.77	21.58	20.83
20181209_060835	22	14	24.30	21.58	21.17
20181209_060845	22	14	22.93	21.56	20.43
20181209_060856	22	14	23.33	21.52	20.63
20181209_060906	22	15	22.69	21.48	20.46
20181209_060916	22	14	22.85	21.48	21.06
20181209_060927	22	14	23.01	21.45	21.26
20181209_060937	22	14	23.25	21.46	21.06
20181209_060947	21	13	22.77	21.38	20.67
20181209_060958	21	13	23.17	21.40	20.83
20181209_061008	21	13	23.33	21.37	21.13
20181209_061018	21	13	22.93	21.33	20.35
20181209_061029	21	13	22.69	21.31	20.47
20181209_061039	21	14	22.85	21.30	20.97
20181209_061049	21	14	23.09	21.25	20.69
20181209_061100	21	14	22.53	21.24	20.90
20181209_061110	21	14	23.09	21.25	21.31
20181209_061120	21	14	22.85	21.21	21.05
20181209_061131	21	14	23.17	21.17	20.57
20181209_061141	21	14	22.85	21.17	20.88
20181209_061151	21	14	23.58	21.14	21.16
20181209_061202	21	14	24.70	21.10	20.44
20181209_061212	21	14	23.01	21.10	21.14
20181209_061222	21	14	23.01	21.08	21.38
20181209_061232	21	14	22.61	21.07	21.14
20181209_061243	21	14	22.85	21.03	21.03
20181209_061253	21	14	22.61	21.01	21.38
20181209_061303	21	14	22.29	20.99	21.07
20181209_061314	21	14	22.45	20.99	20.97
20181209_061324	21	14	24.46	20.97	20.61
20181209_061334	21	14	22.53	20.94	20.70
20181209_061345	21	14	22.85	20.91	21.13
20181209_061355	21	14	22.93	20.89	21
20181209_061405	21	14	22.85	20.91	20.62
20181209_061416	21	15	22.61	20.87	21.21
20181209_061426	21	14	22.45	20.87	21.33
20181209_061436	21	14	23.01	20.87	21.08
20181209_061447	21	15	22.29	20.84	21.30
20181209_061457	20	14	22.37	20.83	21.40
20181209_061507	20	14	22.53	20.82	21.09
20181209_061518	21	15	22.69	20.84	20.76
20181209_061528	20	14	22.04	20.83	20.29
20181209_061538	20	14	22.29	20.84	20.06
20181209_061549	20	14	22.61	20.86	20.00
20181209_061559	21	15	22.12	20.89	20.03
20181209_061609	21	15	22.77	20.91	20.51
20181209_061620	21	15	22.53	20.97	19.99
20181209_061630	21	15	21.80	20.96	20.36
20181209_061640	21	15	22.61	21.00	20.00
20181209_061651	21	15	22.85	21.03	21.41
20181209_061701	21	15	22.85	21.07	20.43
20181209_061711	21	15	21.72	21.08	19.95
20181209_061722	21	14	22.53	21.11	19.95
20181209_061732	21	14	22.85	21.13	20.09
20181209_061742	21	14	21.96	21.18	19.99
20181209_061752	21	14	22.12	21.18	19.90
20181209_061803	21	14	23.90	21.19	19.84
20181209_061813	21	14	21.88	21.22	19.86
20181209_061823	21	14	21.96	21.25	19.79
20181209_061834	21	14	23.01	21.28	19.88
20181209_061844	21	14	22.93	21.30	19.83
20181209_061854	21	14	22.85	21.31	19.67
20181209_061905	21	14	22.93	21.30	19.47
20181209_061915	21	14	22.29	21.33	19.56
20181209_061925	21	13	22.53	21.33	20.61
20181209_061936	21	14	23.17	21.34	20.63
20181209_061946	21	14	23.01	21.31	20.34
20181209_061956	21	14	22.93	21.31	20.32
20181209_062007	21	14	22.93	21.31	20.81
20181209_062017	21	14	23.25	21.31	20.17
20181209_062027	21	14	22.85	21.33	20.68
20181209_062038	21	14	23.17	21.31	21.01
20181209_062048	21	14	22.93	21.33	21.17
20181209_062058	21	14	21.96	21.34	21.12
20181209_062109	21	14	23.09	21.33	20.96
20181209_062119	21	14	22.29	21.31	20.76
20181209_062129	21	14	23.33	21.33	20.84
20181209_062150	21	14	22.85	21.31	20.99
20181209_062200	21	14	22.21	21.31	20.73
20181209_062211	21	14	23.25	21.31	21.04
20181209_062221	21	15	23.01	21.33	21.20
20181209_062231	21	15	21.72	21.31	20.83
20181209_062242	21	15	23.17	21.33	20.78
20181209_062252	21	15	22.93	21.33	20.63
20181209_062302	21	15	23.01	21.31	20.70
20181209_062313	21	15	22.93	21.33	21.36
20181209_062323	21	15	22.85	21.31	21.02
20181209_062333	21	15	22.21	21.31	20.63
20181209_062343	21	15	22.53	21.31	20.81
20181209_062354	21	15	23.25	21.35	21.01
20181209_062404	21	15	22.85	21.33	20.73
20181209_062414	21	15	23.17	21.33	20.71
20181209_062425	21	15	23.17	21.31	20.88
20181209_062435	21	15	23.09	21.33	20.76
20181209_062445	21	15	22.37	21.34	20.81
20181209_062456	21	15	22.61	21.31	20.86
20181209_062506	21	15	23.25	21.33	20.92
20181209_062516	21	15	22.37	21.33	20.76
20181209_062527	21	15	23.17	21.34	20.78
20181209_062537	21	15	22.93	21.34	20.83
20181209_062547	21	15	23.58	21.33	20.88
20181209_062558	21	15	22.77	21.34	20.88
20181209_062608	21	15	22.85	21.33	20.58
20181209_062618	21	15	22.29	21.34	20.98
20181209_062629	21	15	22.69	21.34	20.99
20181209_062639	21	15	23.25	21.31	20.99
20181209_062649	21	15	22.93	21.34	20.84
20181209_062700	21	15	23.01	21.33	21.12
20181209_062710	21	15	22.29	21.33	20.80
20181209_062720	21	15	23.17	21.31	20.78
20181209_062731	21	15	23.17	21.31	20.68
20181209_062741	21	15	22.21	21.33	20.84
20181209_062751	21	15	23.17	21.33	21.46
20181209_062802	21	15	22.61	21.33	21.24
20181209_062812	21	15	23.09	21.31	20.88
20181209_062822	21	15	22.85	21.34	21.12
20181209_062833	21	15	23.17	21.33	20.57
20181209_062843	21	15	22.61	21.33	20.73
20181209_062853	21	15	22.53	21.35	21.27
20181209_062903	21	15	22.29	21.35	20.73
20181209_062914	21	15	23.49	21.35	21.0
20181209_062924	21	15	23.17	21.33	20.78
20181209_062934	21	15	22.61	21.37	21.19
20181209_062945	21	15	22.61	21.34	21.01
20181209_062955	21	15	23.17	21.37	20.94
20181209_063005	21	15	22.77	21.35	20.91
20181209_063016	21	15	23.17	21.35	20.93
20181209_063026	21	15	23.41	21.34	20.93
20181209_063036	21	15	22.77	21.34	21.35
20181209_063047	21	15	22.37	21.37	21.11
20181209_063057	21	15	23.17	21.38	20.83
20181209_063107	21	15	23.17	21.35	20.76
20181209_063118	21	15	22.53	21.38	20.67
20181209_063128	21	15	23.33	21.38	21.27
20181209_063138	21	15	22.61	21.35	20.70
20181209_063149	21	15	22.85	21.38	21.13
20181209_063159	21	15	22.61	21.38	20.99
20181209_063209	21	15	22.85	21.37	21.14
20181209_063220	21	15	22.04	21.35	20.78
20181209_063230	21	15	22.61	21.38	21.17
20181209_063240	21	15	23.01	21.34	20.68
20181209_063251	21	15	22.61	21.35	21.24
20181209_063301	21	15	22.93	21.34	20.86
20181209_063311	21	15	22.45	21.35	20.83
20181209_063322	21	15	23.17	21.38	21.09
20181209_063332	21	15	23.17	21.33	20.73
20181209_063342	21	15	23.17	21.34	20.81
20181209_063353	21	15	22.85	21.38	21.24
20181209_063403	21	15	23.09	21.38	20.93
20181209_063413	21	15	22.93	21.42	20.70
20181209_063423	21	15	23.09	21.42	21.22
20181209_063434	21	15	23.17	21.45	20.59
20181209_063444	21	14	22.53	21.46	20.15
20181209_063454	21	14	23.01	21.49	20.66
20181209_063505	21	14	22.85	21.49	19.97
20181209_063515	21	14	22.61	21.49	19.92
20181209_063525	22	15	23.98	21.52	20.05
20181209_063536	22	15	22.77	21.56	19.98
20181209_063546	22	15	24.14	21.53	20.09
20181209_063556	22	15	22.93	21.55	19.81
20181209_063607	22	15	22.93	21.58	19.54
20181209_063617	22	14	23.09	21.59	19.81
20181209_063627	22	14	22.93	21.59	19.95
20181209_063638	22	14	23.66	21.59	20.73
20181209_063648	22	14	22.53	21.59	20.22
20181209_063709	22	14	24.62	21.61	20.94
20181209_063719	22	14	23.17	21.63	20.81
20181209_063729	22	14	22.53	21.59	19.96
20181209_063740	22	14	23.01	21.59	20.65
20181209_063750	22	14	23.33	21.58	20.60
20181209_063800	22	15	23.01	21.56	20.75
20181209_063811	22	15	23.41	21.55	20.70
20181209_063821	22	15	23.17	21.55	21.17
20181209_063831	22	15	23.25	21.53	21.28
20181209_063842	22	15	23.09	21.51	21.23
20181209_063852	22	15	23.17	21.49	21.13
20181209_063902	22	15	23.17	21.46	21.37
20181209_063913	22	15	23.17	21.45	20.52
20181209_063923	22	15	24.62	21.45	21.03
20181209_063933	22	15	23.41	21.41	21.08
20181209_063943	22	15	24.86	21.38	21.11
20181209_063954	22	14	23.17	21.37	21.01
20181209_064004	21	14	22.85	21.34	20.91
20181209_064014	21	13	22.04	21.33	20.40
20181209_064025	21	14	22.21	21.27	20.30
20181209_064035	21	13	23.17	21.24	20.77
20181209_064045	21	14	22.85	21.27	20.94
20181209_064056	21	14	22.85	21.25	20.51
20181209_064106	21	14	22.69	21.22	20.43
20181209_064116	21	14	21.96	21.21	20.76
20181209_064127	21	14	23.58	21.18	20.52
20181209_064137	21	14	22.85	21.22	20.69
20181209_064147	21	14	22.53	21.25	20.69
20181209_064158	21	14	22.37	21.25	20.94
20181209_064208	21	14	22.61	21.21	20.95
20181209_064218	21	14	23.98	21.22	20.85
20181209_064229	21	14	23.09	21.18	21.24
20181209_064239	21	14	22.93	21.17	20.23
20181209_064249	21	14	22.53	21.11	20.55
20181209_064300	21	14	22.85	21.10	20.63
20181209_064310	21	14	22.61	21.06	20.14
20181209_064320	21	14	22.04	21.01	20.09
20181209_064331	21	14	22.69	21.01	21.17
20181209_064341	21	14	22.85	20.99	20.89
20181209_064351	21	14	22.85	21.03	21.17
20181209_064402	21	14	22.37	20.96	20.67
20181209_064412	21	15	22.21	20.94	20.51
20181209_064422	21	15	22.69	20.89	20.65
20181209_064433	21	15	21.08	20.87	20.3
20181209_064443	21	15	22.53	20.86	20.70
20181209_064453	21	15	22.85	20.84	20.65
20181209_064504	21	15	22.37	20.83	20.54
20181209_064514	21	15	22.93	20.80	20.52
20181209_064524	21	15	21.64	20.82	21.48
20181209_064534	21	15	22.61	20.82	20.70
20181209_064545	21	15	22.45	20.84	20.71
20181209_064555	21	15	22.61	20.83	20.34
20181209_064605	21	15	22.69	20.83	20.29
20181209_064616	21	15	22.61	20.87	20.73
20181209_064626	21	15	21.88	20.90	20.23
20181209_064636	21	15	22.37	20.91	20.11
20181209_064647	21	15	22.85	20.93	20.51
20181209_064657	21	15	22.04	20.94	20.54
20181209_064707	21	15	22.53	21.00	20.14
20181209_064728	21	15	22.61	21.03	19.93
20181209_064738	21	15	22.53	21.08	20.01
20181209_064749	21	14	22.37	21.11	20.45
20181209_064759	21	14	22.61	21.11	20.05
20181209_064809	21	14	22.93	21.14	20.03
20181209_064820	21	14	22.93	21.18	19.97
20181209_064830	21	14	22.93	21.21	19.89
20181209_064840	21	14	23.98	21.21	19.94
20181209_064851	21	14	22.85	21.24	19.97
20181209_064901	21	14	22.29	21.27	20.01
20181209_064911	21	14	22.69	21.30	20.01
20181209_064922	21	14	22.93	21.33	19.93
20181209_064932	21	14	22.37	21.31	19.62
20181209_064942	21	14	23.25	21.34	19.70
20181209_064953	21	14	22.93	21.34	20.11
20181209_065003	21	14	23.01	21.35	20.19
20181209_065013	21	14	22.61	21.34	20.32
20181209_065024	21	14	22.29	21.33	20.37
20181209_065034	21	14	23.17	21.34	20.47
20181209_065044	21	14	21.40	21.34	20.68
20181209_065054	21	14	22.53	21.37	20.90
20181209_065105	22	15	22.37	21.34	21.04
20181209_065115	21	14	23.25	21.34	20.80
20181209_065125	21	14	23.01	21.34	20.91
20181209_065136	21	14	23.17	21.37	20.88
20181209_065146	21	14	23.25	21.35	21.06
20181209_065156	21	14	22.61	21.34	20.88
20181209_065207	21	14	22.85	21.37	21.17
20181209_065227	21	15	22.93	21.34	20.88
20181209_065238	21	15	22.93	21.34	20.93
20181209_065248	21	14	22.69	21.37	20.91
20181209_065258	21	15	23.17	21.38	20.75
20181209_065309	21	15	23.17	21.35	20.70
20181209_065319	21	15	23.25	21.35	20.55
20181209_065329	21	15	22.53	21.38	20.57
20181209_065340	21	15	22.21	21.35	20.89
20181209_065350	21	15	23.17	21.38	20.83
20181209_065400	21	15	22.45	21.37	20.58
20181209_065411	21	15	23.33	21.37	20.90
20181209_065421	21	14	22.85	21.35	20.72
20181209_065431	21	15	22.85	21.37	20.63
20181209_065442	21	15	22.85	21.34	20.60
20181209_065452	21	15	23.25	21.35	20.58
20181209_065502	21	15	23.01	21.37	20.62
20181209_065513	21	14	22.93	21.38	20.82
20181209_065523	21	15	23.41	21.40	20.87
20181209_065533	21	15	22.45	21.40	20.64
20181209_065544	21	14	23.17	21.37	20.63
20181209_065554	21	15	22.37	21.37	20.81
20181209_065604	21	15	22.93	21.35	20.45
20181209_065614	21	14	23.17	21.37	20.49
20181209_065625	21	15	22.04	21.37	20.70
20181209_065635	21	14	22.61	21.35	20.80
20181209_065645	21	14	23.33	21.41	20.59
20181209_065656	21	14	23.17	21.38	20.54
20181209_065706	21	14	22.69	21.38	20.87
20181209_065716	21	15	22.93	21.42	20.90
20181209_065727	21	14	23.17	21.41	20.74
20181209_065737	21	14	23.25	21.38	20.47
20181209_065747	21	14	23.01	21.40	20.42
20181209_065758	21	14	23.17	21.38	20.82
20181209_065808	21	14	23.17	21.38	20.39
20181209_065818	21	14	22.85	21.38	20.73
20181209_065829	21	14	23.25	21.40	20.62
20181209_065839	21	14	23.09	21.38	20.55
20181209_065849	21	14	23.09	21.41	20.52
20181209_065900	21	14	22.85	21.41	20.41
20181209_065910	21	14	23.01	21.40	20.64
20181209_065920	21	14	22.29	21.41	20.54
20181209_065931	21	14	22.93	21.40	20.33
20181209_065941	21	14	23.17	21.41	20.39
20181209_065951	21	14	23.25	21.42	20.57
20181209_070002	21	14	23.25	21.42	20.44
20181209_070012	21	14	22.85	21.41	20.74
20181209_070022	21	14	23.17	21.42	20.67
20181209_070033	21	14	23.25	21.42	20.52
20181209_070043	21	14	22.61	21.41	20.51
20181209_070053	21	14	23.17	21.41	20.62
20181209_070104	21	14	22.61	21.42	20.72
20181209_070114	21	14	23.58	21.44	20.69
20181209_070124	21	14	22.77	21.42	20.51
20181209_070134	21	14	22.93	21.44	20.62
20181209_070145	21	14	23.25	21.45	20.46
20181209_070155	21	14	22.85	21.44	20.39
20181209_070205	21	14	22.69	21.42	20.34
20181209_070216	21	14	23.25	21.42	20.41
20181209_070226	21	14	23.09	21.44	20.44
20181209_070236	21	15	23.25	21.45	20.44
20181209_070247	21	14	23.17	21.44	20.44
20181209_070257	21	15	22.61	21.42	20.38
20181209_070307	21	14	23.33	21.44	20.29
20181209_070318	21	15	22.12	21.49	20.27
20181209_070328	21	14	22.37	21.49	20.28
20181209_070338	21	14	23.25	21.52	19.99
20181209_070349	21	14	22.93	21.59	19.81
20181209_070359	22	15	22.85	21.56	19.65
20181209_070409	22	15	23.17	21.58	19.67
20181209_070420	22	14	23.82	21.56	19.68
20181209_070430	22	14	23.98	21.59	19.75
20181209_070440	22	14	23.25	21.61	19.57
20181209_070451	22	14	23.25	21.63	19.69
20181209_070501	22	14	23.41	21.63	19.70
20181209_070511	22	14	25.27	21.65	20.00
20181209_070522	22	14	23.25	21.68	19.67
20181209_070532	22	14	22.85	21.66	19.82
20181209_070542	22	14	22.93	21.69	19.66
20181209_070553	22	14	22.69	21.70	19.86
20181209_070603	22	14	23.58	21.70	20.08
20181209_070613	22	14	23.33	21.70	19.74
20181209_070624	22	14	22.93	21.70	19.53
20181209_070634	22	14	23.41	21.69	19.77
20181209_070644	22	14	23.58	21.69	19.87
20181209_070654	22	14	22.61	21.65	19.90
20181209_070705	22	14	23.25	21.65	20.11
20181209_070715	22	14	23.90	21.63	20.59
20181209_070725	22	14	23.58	21.62	20.59
20181209_070746	22	14	23.01	21.59	20.19
20181209_070756	22	14	22.85	21.56	20.14
20181209_070807	22	14	22.85	21.53	20.35
20181209_070817	22	14	23.09	21.53	19.93
20181209_070827	22	14	24.70	21.51	20.20
20181209_070838	22	14	23.25	21.44	20.26
20181209_070848	22	14	22.53	21.46	20.22
20181209_070858	22	14	23.41	21.42	20.25
20181209_070909	21	13	23.17	21.41	20.05
20181209_070919	22	14	22.61	21.40	20.08
20181209_070929	21	13	21.88	21.33	20.19
20181209_070940	21	13	22.29	21.35	20.26
20181209_070950	21	13	22.85	21.30	20.25
20181209_071000	21	13	22.93	21.30	20.02
20181209_071011	21	13	23.58	21.24	19.76
20181209_071021	21	13	23.01	21.24	20.15
20181209_071031	21	13	22.93	21.19	20.22
20181209_071042	21	13	24.78	21.17	20.11
20181209_071052	21	13	22.93	21.17	20.02
20181209_071102	21	13	23.01	21.14	20.36
20181209_071113	21	13	23.25	21.14	20.03
20181209_071123	21	14	22.53	21.11	20.21
20181209_071133	21	13	22.45	21.10	20.24
20181209_071144	21	14	22.93	21.07	20.16
20181209_071154	21	14	22.61	21.06	19.88
20181209_071204	21	14	23.41	21.06	20.35
20181209_071215	21	14	22.04	20.99	20.15
20181209_071225	21	14	21.88	21.00	20.23
20181209_071235	21	14	22.21	20.97	20.36
20181209_071245	21	14	22.77	20.96	20.22
20181209_071256	21	14	21.72	20.91	19.80
20181209_071306	21	14	22.77	20.94	20.44
20181209_071316	21	14	22.61	20.90	19.85
20181209_071327	21	14	22.53	20.89	20.21
20181209_071337	21	14	22.77	20.86	20.31
20181209_071347	21	14	21.96	20.86	20.27
20181209_071358	21	14	22.04	20.86	20.06
20181209_071408	21	14	22.53	20.86	20.24
20181209_071418	21	14	22.61	20.84	20.13
20181209_071429	20	13	22.53	20.82	20.38
20181209_071439	21	14	21.88	20.82	19.91
20181209_071449	21	14	22.61	20.83	19.85
20181209_071500	21	14	21.96	20.79	19.60
20181209_071510	21	15	22.53	20.83	20.16
20181209_071531	21	14	22.61	20.89	19.59
20181209_071541	21	14	22.61	20.90	19.82
20181209_071551	21	14	23.01	20.94	20.07
20181209_071602	21	14	22.69	20.96	19.99
20181209_071612	21	14	22.93	20.99	20.10
20181209_071622	21	14	22.77	21.01	19.73
20181209_071633	21	14	22.45	21.03	19.75
20181209_071643	21	14	22.37	21.06	19.72
20181209_071653	21	14	22.85	21.11	19.59
20181209_071704	21	14	22.29	21.13	19.62
20181209_071714	21	14	22.37	21.15	19.67
20181209_071724	21	14	22.85	21.18	19.66
20181209_071735	21	14	21.88	21.18	19.67
20181209_071745	21	14	22.53	21.22	19.66
20181209_071755	21	13	24.22	21.21	19.71
20181209_071805	21	13	22.29	21.27	19.73
20181209_071816	21	13	23.33	21.28	19.40
20181209_071826	21	13	22.61	21.30	19.60
20181209_071836	21	13	22.93	21.31	19.34
20181209_071847	21	13	24.54	21.33	19.19
20181209_071857	21	13	24.22	21.34	19.29
20181209_071907	21	13	22.53	21.31	19.57
20181209_071918	21	13	22.93	21.34	19.41
20181209_071928	21	13	22.53	21.31	19.62
20181209_071938	21	13	22.29	21.31	19.91
20181209_071949	21	13	22.93	21.31	20.17
20181209_071959	21	13	22.93	21.33	20.55
20181209_072009	21	14	22.61	21.33	20.37
20181209_072020	21	14	22.29	21.31	20.24
20181209_072030	21	14	23.01	21.31	20.26
20181209_072040	21	14	22.93	21.31	20.53
20181209_072051	21	14	22.61	21.33	20.58
20181209_072101	21	14	22.61	21.31	20.27
20181209_072111	21	14	21.96	21.30	20.73
20181209_072122	21	14	22.93	21.33	20.53
20181209_072132	21	14	22.85	21.33	20.26
20181209_072142	21	14	22.29	21.33	20.32
20181209_072153	21	14	23.49	21.33	20.34
20181209_072203	21	14	21.96	21.34	20.35
20181209_072213	21	14	22.29	21.31	20.19
20181209_072224	21	14	22.61	21.30	20.30
20181209_072234	21	14	22.93	21.31	20.39
20181209_072244	21	14	22.93	21.30	20.45
20181209_072305	21	14	22.53	21.30	20.29
20181209_072315	21	14	22.53	21.28	20.37
20181209_072325	21	14	22.85	21.30	20.22
20181209_072336	21	14	22.61	21.28	20.51
20181209_072346	21	14	23.58	21.28	20.45
20181209_072356	21	14	23.17	21.28	20.27
20181209_072407	21	14	21.96	21.30	20.48
20181209_072417	21	14	22.53	21.30	20.79
20181209_072427	21	14	22.21	21.33	20.49
20181209_072438	21	14	21.56	21.31	20.34
20181209_072448	21	14	23.09	21.30	20.34
20181209_072458	21	14	23.25	21.30	20.25
20181209_072509	21	14	22.29	21.30	20.16
20181209_072519	21	14	23.41	21.30	20.70
20181209_072529	21	14	23.25	21.31	20.34
20181209_072540	21	14	23.17	21.31	20.32
20181209_072550	21	14	22.61	21.28	20.32
20181209_072600	21	14	21.96	21.30	20.50
20181209_072611	21	14	22.93	21.30	20.29
20181209_072621	21	14	22.93	21.28	20.22
20181209_072631	21	14	23.09	21.30	20.55
20181209_072642	21	14	22.69	21.30	20.38
20181209_072652	21	14	22.37	21.31	20.29
20181209_072702	21	14	22.85	21.30	20.22
20181209_072713	21	14	23.01	21.28	20.30
20181209_072723	21	14	23.17	21.30	20.35
20181209_072733	21	14	22.85	21.28	20.47
20181209_072744	21	14	22.29	21.28	20.34
20181209_072754	21	14	22.69	21.27	20.41
20181209_072804	21	14	22.37	21.30	20.47
20181209_072815	21	14	21.88	21.28	20.63
20181209_072825	21	14	22.85	21.31	20.26
20181209_072835	21	14	23.01	21.28	20.25
20181209_072845	21	14	23.17	21.31	20.17
20181209_072856	21	14	23.01	21.30	20.47
20181209_072906	21	14	22.93	21.28	20.34
20181209_072916	21	14	22.53	21.30	20.27
20181209_072927	21	14	22.53	21.30	20.35
20181209_072937	21	14	22.93	21.30	20.35
20181209_072947	21	15	23.17	21.28	20.27
20181209_072958	21	14	23.01	21.31	20.50
20181209_073008	21	14	23.17	21.31	20.55
20181209_073018	21	14	22.21	21.30	20.34
20181209_073029	21	14	23.33	21.30	20.30
20181209_073039		14	23.33	21.30	20.37
20181209_073049	21	14	22.93	21.31	20.30
20181209_073100	21	14	23.17	21.31	20.30
20181209_073110	21	14	22.29	21.30	20.40
20181209_073120	21	14	22.61	21.31	20.14
20181209_073131	21	14	22.69	21.31	20.24
20181209_073141	21	14	22.93	21.31	20.29
20181209_073151	21	14	22.93	21.30	20.19
20181209_073202	21	14	22.93	21.31	20.34
20181209_073212	21	14	22.29	21.33	20.42
20181209_073222	21	14	22.77	21.31	20.60
20181209_073233	21	14	22.77	21.33	20.52
20181209_073243	21	14	22.85	21.31	20.22
20181209_073253	21	14	23.17	21.30	20.30
20181209_073304	21	14	23.01	21.28	20.25
20181209_073314	21	14	23.01	21.30	20.40
20181209_073324	21	14	22.61	21.28	20.29
20181209_073335	21	14	23.01	21.31	20.27
20181209_073345	21	14	21.96	21.33	20.16
20181209_073355	21	14	22.93	21.30	20.37
20181209_073405	21	14	22.69	21.30	20.35
20181209_073416	21	14	23.01	21.30	20.34
20181209_073426	21	14	22.45	21.31	20.32
20181209_073436	21	14	23.25	21.31	20.26
20181209_073447	21	14	22.77	21.30	20.37
20181209_073457	21	14	22.61	21.31	20.19
20181209_073507	21	14	22.85	21.31	20.65
20181209_073518	21	14	23.01	21.31	20.30
20181209_073528	21	14	22.93	21.33	20.42
20181209_073538	21	14	23.33	21.34	20.13
20181209_073549	21	14	23.17	21.35	20.21
20181209_073559	21	14	22.53	21.38	20.23
20181209_073609	21	14	22.85	21.38	19.88
20181209_073620	21	14	22.12	21.41	19.57
20181209_073630	21	14	22.45	21.44	19.67
20181209_073640	21	13	23.17	21.44	19.72
20181209_073651	21	13	22.77	21.42	19.71
20181209_073701	21	13	23.17	21.48	19.63
20181209_073711	21	13	22.93	21.48	19.71
20181209_073722	22	14	23.25	21.52	19.70
20181209_073732	22	14	23.25	21.48	19.73
20181209_073742	22	14	22.93	21.51	19.76
20181209_073753	22	14	23.25	21.53	19.65
20181209_073803	22	14	21.40	21.56	19.47
20181209_073824	22	14	23.17	21.56	19.50
20181209_073834	22	14	22.93	21.55	19.37
20181209_073844	22	14	24.14	21.56	19.23
20181209_073855	22	14	22.61	21.56	19.60
20181209_073905	22	13	23.25	21.55	19.21
20181209_073915	22	13	23.90	21.52	19.22
20181209_073926	22	13	23.25	21.51	20.01
20181209_073936	22	13	22.85	21.51	20.27
20181209_073946	22	14	23.09	21.49	20.12
20181209_073956	22	14	22.53	21.48	20.25
20181209_074007	22	14	23.01	21.48	19.97
20181209_074017	22	14	23.01	21.45	20.07
20181209_074027	22	14	23.17	21.42	19.90
20181209_074038	22	14	22.85	21.41	20.06
20181209_074048	22	14	23.41	21.40	20.05
20181209_074058	22	14	22.61	21.37	20.08
20181209_074109	22	14	22.21	21.35	20.13
20181209_074119	22	14	23.17	21.31	20.02
20181209_074129	21	13	23.25	21.30	19.86
20181209_074140	21	13	22.93	21.25	19.89
20181209_074150	21	13	21.96	21.24	19.92
20181209_074200	21	13	22.12	21.24	19.83
20181209_074211	21	13	23.17	21.19	19.74
20181209_074221	21	13	22.85	21.18	19.97
20181209_074231	21	13	22.53	21.15	19.85
20181209_074242	21	13	23.09	21.14	20.00
20181209_074252	21	13	22.85	21.14	19.95
20181209_074302	21	13	23.17	21.11	20.06
20181209_074313	21	13	22.61	21.07	19.72
20181209_074323	21	13	24.54	21.06	20.01
20181209_074333	21	13	22.61	21.06	20.06
20181209_074344	21	13	22.53	21.04	20.04
20181209_074354	21	13	22.93	20.97	19.99
20181209_074404	21	13	22.69	21.00	19.89
20181209_074415	21	13	22.53	20.93	20.18
20181209_074425	21	13	22.93	20.94	19.91
20181209_074435	21	13	22.53	20.87	19.77
20181209_074446	21	14	22.69	20.87	20.06
20181209_074456	21	14	22.85	20.87	20.03
20181209_074506	21	14	22.45	20.83	20.01
20181209_074516	21	14	21.96	20.83	20.07
20181209_074527	21	14	22.21	20.79	19.68
20181209_074537	21	14	22.12	20.78	20.15
20181209_074547	20	13	22.53	20.78	19.81
20181209_074608	20	13	22.12	20.75	19.91
20181209_074618	20	13	22.53	20.72	20.09
20181209_074629	20	13	22.45	20.72	19.94
20181209_074639	20	13	22.93	20.69	20.15
20181209_074649	20	13	22.61	20.69	19.99
20181209_074700	20	13	22.53	20.69	20.16
20181209_074710	20	13	21.72	20.68	20.03
20181209_074720	20	13	22.45	20.68	20.10
20181209_074731	20	13	22.53	20.68	19.67
20181209_074741	20	13	22.12	20.68	19.48
20181209_074751	20	13	22.21	20.68	19.87
20181209_074802	20	13	22.53	20.72	19.55
20181209_074812	20	13	21.88	20.75	19.68
20181209_074822	20	13	21.96	20.75	19.88
20181209_074833	20	13	22.12	20.79	19.52
20181209_074843	20	13	22.12	20.79	19.44
20181209_074853	20	13	22.61	20.83	19.39
20181209_074904	21	14	22.61	20.86	19.62
20181209_074914	21	14	22.45	20.89	19.53
20181209_074924	21	14	22.53	20.91	19.58
20181209_074935	21	14	22.53	20.96	19.48
20181209_074945	21	14	21.96	20.96	19.43
20181209_074955	21	14	22.12	21.00	19.50
20181209_075006	21	14	21.88	21.00	19.57
20181209_075016	21	14	22.85	21.03	19.52
20181209_075026	21	13	22.04	21.07	19.63
20181209_075036	21	13	22.77	21.07	19.55
20181209_075047	21	13	22.29	21.11	19.65
20181209_075057	21	13	23.25	21.11	19.62
20181209_075107	21	13	22.12	21.14	19.64
20181209_075118	21	13	22.29	21.17	19.61
20181209_075128	21	13	21.80	21.18	19.19
20181209_075138	21	13	22.93	21.19	19.07
20181209_075149	21	13	22.85	21.22	19.17
20181209_075159	21	13	22.61	21.21	19.33
20181209_075209	21	13	22.21	21.21	19.48
20181209_075220	21	13	23.41	21.21	19.50
20181209_075230	21	13	22.85	21.19	20.05
20181209_075240	21	13	22.61	21.21	19.99
20181209_075251	21	13	22.85	21.21	20.04
20181209_075301	21	14	22.04	21.19	19.99
20181209_075311	21	14	22.85	21.19	19.97
20181209_075322	21	14	22.37	21.18	20.13
20181209_075342	21	14	22.85	21.19	20.31
20181209_075353	21	14	22.93	21.19	20.28
20181209_075403	21	14	22.77	21.19	20.20
20181209_075413	21	14	22.21	21.19	20.25
20181209_075424	21	14	22.21	21.18	20.22
20181209_075434	21	14	22.61	21.17	20.56
20181209_075444	21	14	22.93	21.17	20.31
20181209_075455	21	14	22.93	21.21	20.18
20181209_075505	21	14	22.93	21.17	20.25
20181209_075515	21	14	22.85	21.18	20.23
20181209_075526	21	14	22.53	21.22	20.51
20181209_075536	21	14	22.61	21.18	20.28
20181209_075546	21	14	22.85	21.18	20.23
20181209_075556	21	14	22.85	21.18	20.18
20181209_075607	21	14	22.29	21.18	20.15
20181209_075617	21	14	22.77	21.18	20.34
20181209_075627	21	14	22.04	21.18	20.20
20181209_075638	21	14	22.12	21.21	20.26
20181209_075648	21	14	22.85	21.17	20.21
20181209_075658	21	14	22.69	21.17	20.21
20181209_075709	21	14	22.85	21.18	20.26
20181209_075719	21	14	22.77	21.19	20.30
20181209_075729	21	14	22.85	21.18	20.08
20181209_075740	21	14	22.12	21.17	20.28
20181209_075750	21	14	22.61	21.18	20.28
20181209_075800	21	14	22.29	21.15	20.23
20181209_075811	21	14	22.45	21.18	20.23
20181209_075821	21	14	22.77	21.17	20.13
20181209_075831	21	14	22.53	21.19	20.26
20181209_075842	21	14	22.85	21.18	20.34
20181209_075852	21	14	22.85	21.17	20.36
20181209_075902	21	14	22.61	21.18	20.31
20181209_075913	21	14	23.01	21.17	20.16
20181209_075923	21	14	23.01	21.19	20.18
20181209_075933	21	14	22.93	21.19	20.23
20181209_075944	21	14	22.93	21.17	20.15
20181209_075954	21	14	22.93	21.19	20.46
20181209_080004	21	14	22.61	21.18	20.38
20181209_080015	21	14	22.85	21.18	20.03
20181209_080025	21	14	23.01	21.18	20.00
20181209_080035	21	14	22.85	21.18	20.18
20181209_080046	21	14	22.85	21.18	20.36
20181209_080056	21	14	22.29	21.18	20.13
20181209_080106	21	14	22.12	21.21	20.53
20181209_080127	21	14	22.85	21.21	20.54
20181209_080137	21	14	22.53	21.21	20.12
20181209_080147	21	14	22.85	21.19	20.10
20181209_080158	21	14	22.37	21.18	20.10
20181209_080208	21	14	22.93	21.18	20.13
20181209_080218	21	14	22.21	21.19	20.20
20181209_080229	21	14	22.21	21.21	20.25
20181209_080239	21	14	22.85	21.19	20.26
20181209_080249	21	14	22.37	21.21	20.25
20181209_080300	21	14	22.29	21.18	20.17
20181209_080310	21	14	21.96	21.21	20.23
20181209_080320	21	14	22.85	21.21	20.15
20181209_080331	21	14	22.93	21.19	20.12
20181209_080341	21	14	22.85	21.19	20.26
20181209_080351	21	14	22.61	21.19	20.23
20181209_080402	21	14	22.53	21.18	20.25
20181209_080412	21	14	22.93	21.18	20.17
20181209_080422	21	14	22.93	21.21	20.49
20181209_080433	21	14	22.29	21.19	20.20
20181209_080443	21	14	22.85	21.19	20.15
20181209_080453	21	14	22.04	21.21	20.32
20181209_080504	21	14	22.12	21.21	20.13
20181209_080514	21	14	22.85	21.21	20.17
20181209_080524	21	14	22.93	21.21	20.18
20181209_080535	21	14	22.85	21.21	20.41
20181209_080545	21	14	23.01	21.19	20.23
20181209_080555	21	14	22.21	21.24	20.25
20181209_080606	21	14	23.17	21.21	20.17
20181209_080616	21	14	22.93	21.22	20.22
20181209_080626	21	14	22.85	21.22	20.20
20181209_080636	21	14	21.56	21.22	20.41
20181209_080647	21	14	22.53	21.24	20.25
20181209_080657	21	14	22.85	21.22	20.61
20181209_080707	21	14	22.61	21.22	20.28
20181209_080718	21	14	22.21	21.22	20.49
20181209_080728	21	14	22.61	21.24	20.38
20181209_080738	21	14	23.01	21.24	20.33
20181209_080749	21	14	22.61	21.25	20.18
20181209_080759	21	14	22.29	21.25	20.38
20181209_080809	21	14	22.37	21.22	20.32
20181209_080820	21	14	22.12	21.24	20.23
20181209_080830	21	14	22.53	21.24	20.23
20181209_080840	21	14	22.93	21.28	20.30
20181209_080901	21	14	22.85	21.22	20.15
20181209_080911	21	14	22.53	21.25	20.32
20181209_080922	21	14	23.17	21.22	20.18
20181209_080932	21	14	23.25	21.27	20.33
20181209_080942	21	14	23.17	21.25	20.30
20181209_080953	21	14	22.85	21.25	20.22
20181209_081003	21	14	22.85	21.24	20.23
20181209_081013	21	14	21.96	21.28	20.17
20181209_081024	21	14	22.93	21.25	20.28
20181209_081034	21	14	22.45	21.25	20.23
20181209_081044	21	14	22.61	21.25	20.23
20181209_081055	21	14	23.17	21.24	20.28
20181209_081105	21	14	22.85	21.25	20.18
20181209_081115	21	14	23.25	21.24	20.48
20181209_081126	21	14	22.93	21.24	20.28
20181209_081136	21	14	22.93	21.27	20.18
20181209_081146	21	14	22.29	21.27	20.14
20181209_081157	21	14	22.53	21.27	20.23
20181209_081207	21	14	23.25	21.25	20.17
20181209_081217	21	14	22.53	21.25	20.22
20181209_081227	21	14	22.77	21.22	20.07
20181209_081238	21	14	22.69	21.28	20.17
20181209_081248	21	14	22.85	21.30	20.07
20181209_081258	21	14	22.93	21.33	20.11
20181209_081309	21	14	23.41	21.33	19.78
20181209_081319	21	14	22.69	21.34	19.77
20181209_081329	21	14	23.01	21.37	19.57
20181209_081340	21	13	22.77	21.35	19.67
20181209_081350	21	13	22.61	21.40	19.61
20181209_081400	21	13	22.29	21.40	19.65
20181209_081411	21	13	23.17	21.40	19.56
20181209_081421	21	13	23.17	21.42	19.63
20181209_081431	21	13	22.85	21.41	19.56
20181209_081442	21	13	22.93	21.46	19.78
20181209_081452	21	13	22.85	21.46	19.50
20181209_081502	22	14	21.88	21.46	19.33
20181209_081513	22	14	22.37	21.45	19.37
20181209_081523	22	14	23.90	21.49	19.55
20181209_081533	22	13	22.61	21.53	19.37
20181209_081544	22	14	22.29	21.53	19.58
20181209_081554	22	13	22.77	21.51	19.35
20181209_081604	22	14	23.17	21.49	19.17
20181209_081615	22	13	23.01	21.46	19.82
20181209_081625	22	13	22.93	21.44	19.74
20181209_081646	22	14	23.74	21.42	19.97
20181209_081656	22	14	24.86	21.38	19.96
20181209_081706	22	14	23.01	21.38	19.96
20181209_081717	22	14	22.93	21.37	20.10
20181209_081727	21	13	22.12	21.33	19.88
20181209_081737	22	14	23.09	21.34	19.88
20181209_081747	21	13	22.29	21.34	19.44
20181209_081758	21	13	22.93	21.27	19.73
20181209_081808	21	13	22.85	21.28	19.62
20181209_081818	21	13	22.12	21.22	19.33
20181209_081829	21	13	22.93	21.21	19.55
20181209_081839	21	13	22.61	21.19	19.66
20181209_081849	21	13	22.77	21.15	19.41
20181209_081900	21	13	22.61	21.11	19.62
20181209_081910	21	13	21.64	21.08	19.67
20181209_081920	21	13	22.69	21.07	19.73
20181209_081931	21	13	22.69	21.07	19.81
20181209_081941	21	13	21.64	21.04	19.75
20181209_081951	21	13	21.96	21.01	19.81
20181209_082002	21	13	22.85	20.99	19.71
20181209_082012	21	13	22.85	21.00	19.91
20181209_082022	21	13	22.69	20.97	19.91
20181209_082033	21	13	22.93	20.93	19.85
20181209_082043	21	13	21.32	20.89	19.54
20181209_082053	21	13	22.37	20.89	19.77
20181209_082104	21	13	22.61	20.89	19.62
20181209_082114	21	13	22.04	20.83	19.90
20181209_082124	21	13	22.77	20.84	19.82
20181209_082135	21	13	22.69	20.82	19.88
20181209_082145	21	13	22.53	20.80	19.86
20181209_082155	21	14	22.29	20.78	19.70
20181209_082206	21	14	22.61	20.76	19.68
20181209_082216	21	14	22.69	20.75	19.69
20181209_082226	21	14	22.93	20.73	19.63
20181209_082237	21	14	22.29	20.72	19.84
20181209_082247	20	13	22.37	20.66	19.73
20181209_082257	20	13	22.53	20.69	19.92
20181209_082307	20	13	22.61	20.66	19.90
20181209_082318	20	13	22.53	20.66	19.94
20181209_082328	20	13	22.53	20.63	19.79
20181209_082338	20	13	22.61	20.60	19.87
20181209_082349	20	13	22.37	20.59	19.78
20181209_082359	20	13	22.53	20.60	20.03
20181209_082420	20	13	21.96	20.62	19.58
20181209_082430	20	13	21.88	20.60	19.41
20181209_082440	20	13	22.29	20.60	19.61
20181209_082451	20	13	22.53	20.65	19.43
20181209_082501	20	13	21.96	20.68	19.51
20181209_082511	20	13	22.37	20.68	19.42
20181209_082522	20	13	21.56	20.69	19.37
20181209_082532	21	14	22.21	20.71	19.35
20181209_082542	20	13	22.85	20.75	19.40
20181209_082553	20	13	22.21	20.78	19.60
20181209_082603	20	13	22.77	20.80	19.49
20181209_082613	21	14	22.61	20.83	19.42
20181209_082624	21	14	21.24	20.86	19.57
20181209_082634	21	14	21.88	20.90	19.45
20181209_082644	21	14	22.53	20.91	19.41
20181209_082655	21	14	22.53	20.93	19.59
20181209_082705	21	14	22.61	20.96	19.61
20181209_082715	21	14	21.96	21.00	19.55
20181209_082726	21	13	23.98	21.01	19.48
20181209_082736	21	13	21.96	21.04	19.67
20181209_082746	21	13	22.69	21.06	19.55
20181209_082757	21	13	22.93	21.08	19.51
20181209_082807	21	13	22.85	21.08	19.57
20181209_082817	21	13	24.70	21.10	19.33
20181209_082827	21	13	22.85	21.10	19.39
20181209_082838	21	13	24.46	21.14	19.28
20181209_082848	21	13	22.53	21.13	19.54
20181209_082858	21	13	24.30	21.11	19.86
20181209_082909	21	13	22.29	21.11	19.95
20181209_082919	21	13	22.21	21.10	20.11
20181209_082929	21	13	22.12	21.10	19.91
20181209_082940	21	14	22.61	21.13	20.24
20181209_082950	21	14	21.88	21.13	20.11
20181209_083000	21	14	22.85	21.14	20.24
20181209_083011	21	14	22.85	21.14	20.16
20181209_083021	21	14	22.61	21.10	20.19
20181209_083031	21	14	22.85	21.13	20.29
20181209_083042	21	14	22.45	21.14	20.29
20181209_083052	21	14	22.85	21.11	20.26
20181209_083102	21	14	22.85	21.11	20.14
20181209_083113	21	14	22.69	21.13	20.19
20181209_083123	21	14	22.53	21.13	20.27
20181209_083133	21	14	22.61	21.13	20.23
20181209_083144	21	14	23.09	21.15	20.28
20181209_083204	21	14	22.61	21.14	20.18
20181209_083215	21	14	22.85	21.13	20.09
20181209_083225	21	14	22.53	21.13	20.18
20181209_083235	21	14	22.61	21.13	20.21
20181209_083246	21	14	22.93	21.14	20.47
20181209_083256	21	14	22.61	21.14	20.08
20181209_083306	21	14	22.85	21.13	20.19
20181209_083317	21	14	22.77	21.17	20.13
20181209_083327	21	14	22.21	21.14	20.11
20181209_083337	21	14	22.29	21.14	20.15
20181209_083347	21	14	22.61	21.14	20.24
20181209_083358	21	14	22.85	21.15	20.39
20181209_083408	21	14	22.69	21.14	20.24
20181209_083418	21	14	22.85	21.14	20.18
20181209_083429	21	14	22.61	21.14	20.08
20181209_083439	21	14	22.61	21.14	20.06
20181209_083449	21	14	22.69	21.14	20.38
20181209_083500	21	14	23.25	21.17	20.29
20181209_083510	21	14	22.93	21.14	20.23
20181209_083520	21	14	22.93	21.15	20.41
20181209_083531	21	14	22.12	21.17	20.18
20181209_083541	21	14	22.85	21.17	20.11
20181209_083551	21	14	21.88	21.17	20.23
20181209_083602	21	14	22.12	21.15	20.21
20181209_083612	21	14	22.61	21.14	20.15
20181209_083622	21	14	22.53	21.17	20.36
20181209_083633	21	14	22.93	21.15	20.15
20181209_083643	21	14	22.21	21.17	20.25
20181209_083653	21	14	22.61	21.17	20.18
20181209_083704	21	14	22.21	21.14	20.18
20181209_083714	21	14	23.01	21.15	20.33
20181209_083724	21	14	23.66	21.15	20.29
20181209_083735	21	14	22.61	21.18	20.34
20181209_083745	21	14	22.85	21.18	20.23
20181209_083755	21	14	22.93	21.15	20.25
20181209_083806	21	14	22.37	21.15	20.10
20181209_083816	21	14	22.85	21.15	20.18
20181209_083826	21	14	22.61	21.17	20.15
20181209_083837	21	14	22.21	21.18	20.22
20181209_083847	21	14	22.69	21.17	20.28
20181209_083857	21	14	22.12	21.17	20.16
20181209_083908	21	14	22.93	21.17	20.34
20181209_083918	21	14	22.85	21.18	20.23
20181209_083928	21	14	22.77	21.18	
20181209_083938	21	14	22.29	21.17	20.29
20181209_083949	21	14	22.61	21.18	20.22
20181209_083959	21	14	22.69	21.19	20.18
20181209_084009	21	14	22.29	21.15	20.38
20181209_084020	21	14	22.53	21.15	20.15
20181209_084030	21	14	22.53	21.18	20.20
20181209_084040	21	14	22.69	21.17	20.15
20181209_084051	21	14	22.85	21.17	20.03
20181209_084101	21	14	21.40	21.17	20.23
20181209_084111	21	14	22.93	21.18	20.20
20181209_084122	21	14	22.53	21.18	20.38
20181209_084132	21	14	22.61	21.19	20.33
20181209_084142	21	14	22.53	21.19	20.20
20181209_084153	21	14	22.93	21.18	20.11
20181209_084203	21	14	21.72	21.17	20.33
20181209_084213	21	14	22.93	21.17	20.21
20181209_084224	21	14	21.88	21.17	20.16
20181209_084234	21	14	23.01	21.17	20.28
20181209_084244	21	14	22.93	21.17	20.25
20181209_084255	21	14	22.93	21.19	20.41
20181209_084305	21	14	23.01	21.18	20.25
20181209_084315	21	14	22.21	21.18	20.26
20181209_084326	21	14	22.85	21.19	20.41
20181209_084336	21	14	22.85	21.21	20.17
20181209_084346	21	14	22.69	21.18	20.36
20181209_084357	21	14	22.69	21.19	20.15
20181209_084407	21	14	23.17	21.17	20.18
20181209_084417	21	14	22.93	21.17	20.23
20181209_084428	21	14	22.29	21.19	20.23
20181209_084438	21	14	22.61	21.19	20.34
20181209_084448	21	14	22.21	21.18	20.23
20181209_084458	21	14	22.61	21.17	20.18
20181209_084509	21	14	22.93	21.17	20.23
20181209_084519	21	14	22.29	21.19	20.30
20181209_084529	21	14	22.85	21.18	20.38
20181209_084540	21	14	22.53	21.18	20.26
20181209_084550	21	14	22.53	21.18	20.33
20181209_084600	21	14	22.61	21.18	20.22
20181209_084611	21	14	22.21	21.18	20.20
20181209_084621	21	14	22.93	21.18	20.38
20181209_084631	21	14	22.93	21.19	20.31
20181209_084642	21	14	22.29	21.19	20.41
20181209_084652	21	14	22.04	21.18	20.54
20181209_084702	21	14	22.53	21.21	20.28
20181209_084723	21	14	22.61	21.22	19.99
20181209_084733	21	14	22.77	21.24	19.97
20181209_084744	21	14	22.69	21.27	19.83
20181209_084754	21	14	23.25	21.30	19.81
20181209_084804	21	14	23.17	21.31	19.70
20181209_084815	21	14	22.37	21.31	19.67
20181209_084825	21	14	22.61	21.34	19.62
20181209_084835	21	13	22.37	21.34	19.54
20181209_084846	21	13	22.93	21.33	19.47
20181209_084856	21	13	22.93	21.35	19.57
20181209_084906	21	13	22.85	21.37	19.46
20181209_084917	21	13	23.01	21.38	19.36
20181209_084927	21	13	22.93	21.40	19.51
20181209_084937	21	13	22.69	21.40	19.41
20181209_084948	21	13	22.29	21.40	19.26
20181209_084958	22	14	22.85	21.42	19.33
20181209_085008	22	14	23.33	21.42	19.69
20181209_085018	22	14	22.93	21.42	19.61
20181209_085029	22	14	23.01	21.41	19.75
20181209_085039	22	14	22.85	21.41	19.10
20181209_085049	22	14	22.61	21.41	19.74
20181209_085100	22	14	25.11	21.41	20.15
20181209_085110	22	14	22.21	21.37	19.95
20181209_085120	22	14	22.93	21.38	20.10
20181209_085131	22	14	22.93	21.34	20.24
20181209_085141	22	14	22.93	21.33	20.01
20181209_085151	21	13	22.53	21.28	19.73
20181209_085202	22	14	22.29	21.30	19.80
20181209_085212	21	13	22.93	21.25	19.79
20181209_085222	21	13	22.53	21.24	19.63
20181209_085233	21	13	21.72	21.24	19.50
20181209_085243	21	13	22.61	21.19	19.68
20181209_085253	21	13	22.29	21.19	19.71
20181209_085304	21	13	22.85	21.18	19.76
20181209_085314	21	13	22.53	21.15	19.62
20181209_085324	21	13	22.29	21.10	19.59
20181209_085335	21	13	22.53	21.10	19.65
20181209_085345	21	13	22.85	21.10	19.75
20181209_085355	21	13	22.85	21.06	19.70
20181209_085406	21	13	22.77	21.04	19.70
20181209_085416	21	13	22.53	21.00	19.63
20181209_085426	21	13	22.04	21.00	19.68
20181209_085437	21	13	22.69	20.97	19.60
20181209_085447	21	13	22.77	20.99	1
20181209_085457	21	13	22.29	20.93	19.64
20181209_085508	21	13	22.53	20.90	19.69
20181209_085518	21	13	22.53	20.89	19.53
20181209_085528	21	13	22.21	20.89	19.70
20181209_085538	21	13	22.69	20.84	19.67
20181209_085549	21	13	22.93	20.84	19.74
20181209_085559	21	13	22.21	20.82	19.60
20181209_085609	20	12	22.29	20.78	19.60
20181209_085620	21	14	22.53	20.76	19.63
20181209_085630	21	14	22.61	20.75	19.68
20181209_085640	21	14	22.04	20.73	19.84
20181209_085651	21	14	22.61	20.71	19.86
20181209_085701	20	13	22.53	20.69	19.76
20181209_085711	20	13	22.29	20.69	19.76
20181209_085722	20	13	22.29	20.69	19.76
20181209_085732	20	13	21.96	20.65	19.79
20181209_085742	20	13	21.96	20.65	19.79
20181209_085753	20	13	21.88	20.63	19.69
20181209_085803	20	13	21.72	20.60	19.72
20181209_085813	20	13	22.29	20.59	19.56
20181209_085824	20	13	22.37	20.59	19.75
20181209_085834	20	13	23.17	20.58	19.83
20181209_085844	20	13	22.29	20.58	19.83
20181209_085855	20	13	21.88	20.60	19.67
20181209_085905	20	13	22.29	20.59	19.64
20181209_085915	20	13	22.37	20.59	19.51
20181209_085926	20	13	22.12	20.60	19.61
20181209_085936	20	13	22.29	20.63	19.48
20181209_085946	20	13	22.37	20.63	19.71
20181209_085957	20	13	22.12	20.66	19.41
20181209_090007	20	13	22.29	20.72	19.69
20181209_090017	20	13	21.64	20.75	19.45
20181209_090028	21	14	22.85	20.73	19.35
20181209_090038	21	14	22.45	20.79	19.49
20181209_090048	20	13	21.96	20.79	19.53
20181209_090058	21	14	22.61	20.83	19.54
20181209_090109	21	14	23.25	20.84	19.51
20181209_090119	21	14	21.88	20.89	19.45
20181209_090129	21	14	21.88	20.90	19.61
20181209_090140	21	14	22.77	20.93	19.58
20181209_090150	21	14	22.53	20.96	19.56
20181209_090200	21	13	22.12	21.00	19.65
20181209_090211	21	13	23.09	21.00	19.61
20181209_090221	21	14	22.12	21.01	19.60
20181209_090242	21	13	21.88	21.06	19.63
20181209_090252	21	13	22.93	21.06	19.40
20181209_090302	21	13	23.17	21.07	19.37
20181209_090323	21	13	23.01	21.10	20.03
20181209_090333	21	13	21.96	21.08	20.03
20181209_090344	21	13	22.53	21.10	19.75
20181209_090354	21	13	22.53	21.10	19.98
20181209_090404	21	13	22.85	21.11	20.18
20181209_090415	21	14	22.69	21.11	20.26
20181209_090425	21	14	22.77	21.10	20.24
20181209_090435	21	14	21.96	21.10	20.24
20181209_090446	21	14	22.69	21.11	20.13
20181209_090456	21	14	22.04	21.10	20.27
20181209_090506	21	14	22.93	21.10	20.37
20181209_090517	21	14	21.56	21.11	20.21
20181209_090527	21	14	22.69	21.10	20.21
20181209_090537	21	14	22.77	21.11	20.24
20181209_090548	21	14	22.29	21.08	20.27
20181209_090558	21	14	23.01	21.10	20.23
20181209_090608	21	14	22.12	21.10	20.17
20181209_090618	21	14	22.93	21.10	20.19
20181209_090629	21	14	22.93	21.10	20.24
20181209_090639	21	14	21.48	21.10	20.23
20181209_090649	21	14	22.29	21.08	20.14
20181209_090700	21	14	22.53	21.07	20.27
20181209_090710	21	14	22.53	21.08	20.14
20181209_090720	21	14	22.53	21.10	20.21
20181209_090731	21	14	22.93	21.10	20.23
20181209_090741	21	14	22.77	21.10	20.17
20181209_090751	21	14	21.96	21.11	20.16
20181209_090802	21	14	22.61	21.10	20.11
20181209_090812	21	14	22.85	21.11	20.37
20181209_090822	21	14	22.61	21.11	20.23
20181209_090833	21	14	22.29	21.08	20.06
20181209_090843	21	14	22.53	21.10	20.27
20181209_090853	21	14	22.93	21.15	20.11
20181209_090904	21	14	22.85	21.19	22.37
